785252715336302623
665619832661868594
686235258622050314
406137394228625419
406137394228625419
406137394228625419
456053717385347072
812692339436027934
406137394228625419
406137394228625419
406137394228625419
406137394228625419
406137394228625419
406137394228625419
406137394228625419
406137394228625419
406137394228625419
654721418273226793
406137394228625419
406137394228625419
406137394228625419
406137394228625419
418024746253287425
418024746253287425
418024746253287425
418024746253287425
418024746253287425
418024746253287425
